%YAML:1.0
---
distortion_coefficients: !!opencv-matrix
   rows: 1
   cols: 5
   dt: d
   data: [ 2.8691164091130760e-19, 3.9790926837720000e-14,
       5.6719522082083121e-22, -1.9127011555091435e-21,
       -1.2548750491727768e-19 ]
